x0 = [0,	0.01,	0.02,	0.03,	0.04,	0.05,	0.06,	0.07,	0.08,	0.09,	0.1,	0.11,	0.12,	0.13,	0.14,	0.15,	0.16,	0.17,	0.18,	0.19,	0.2,	0.21,	0.22,	0.23,	0.24,	0.25,	0.26,	0.27,	0.28,	0.29,	0.3,	0.31,	0.32,	0.33,	0.34,	0.355,	0.3775,	0.4017,	0.42486,	0.44726,	0.46921,	0.49125,	0.51377,	0.53676,	0.56042,	0.58627,	0.61782,	0.66125,	0.71125,	0.76125,	0.79215,	0.81314,	0.83023,	0.84511,	0.8586,	0.87141,	0.88388,	0.89616,	0.90834,	0.92022,	0.93178,	0.94314,	0.95444,	0.96597,	0.97818,	0.99141,	1.0062,	1.0235,	1.0445,	1.0751,	1.121,	1.1556,	1.1736,	1.1887,	1.2022,	1.2149,	1.2268,	1.2382,	1.2493,	1.2605,	1.2717,	1.2833,	1.2955,	1.3087,	1.3233,	1.3403,	1.3621,	1.3949,	1.4441,	1.4581,	1.4697,	1.4802,	1.49,	1.4994,	1.5087,	1.5179,	1.5271,	1.5366,	1.5465,	1.5572,	1.5694,	1.585,	1.6085,	1.6436,	1.6643,	1.6784,	1.6905,	1.7018,	1.7127,	1.7235,	1.7345,	1.7462,	1.7588,	1.7729,	1.7892,	1.8105,	1.8425,	1.8778,	1.8925,	1.9052,	1.9172,	1.9293,	1.9419,	1.9555,	1.9708,	1.9892,	2.015,	2.0538,	2.089,	2.106,	2.1207,	2.1343,	2.1476,	2.161,	2.1749,	2.1897,	2.2065,	2.2277,	2.2595,	2.3071,	2.3249,	2.3391,	2.3518,	2.3639,	2.3755,	2.3871,	2.399,	2.4115,	2.4256,	2.4427,	2.4673,	2.5043,	2.5417,	2.5616,	2.5785,	2.5941,	2.6092,	2.6245,	2.6408,	2.6592,	2.6815,	2.7137,	2.762,	2.812,	2.8369,	2.8586,	2.8797,	2.9015,	2.9257,	2.9516,	2.9834,	3.0311,	3.0811,	3.1053,	3.1265,	3.1479,	3.1713,	3.2006,	3.2445,	3.2945,	3.3445,	3.3852,	3.4134,	3.4415,	3.4778,	3.5278,	3.5778,	3.6112,	3.6341,	3.6561,	3.6795,	3.7088,	3.7528,	3.8028,	3.8396,	3.8721,	3.8998,	3.9252,	3.9517,	3.9823,	4.0283,	4.0783,	4.1283,	4.1675,	4.2052,	4.249,	4.299,	4.349,	4.399,	4.449,	4.499,	4.549,	4.599,	4.649,	4.699,	4.749,	4.799,	4.849,	4.899,	4.949,	4.9817,	5.0309,	5.0809,	5.1309,	5.174,	5.214,	5.2531,	5.2968,	5.3468,	5.3968,	5.4468,	5.4968,	5.5468,	5.5968,	5.6468,	5.6968,	5.7468,	5.7968,	5.8468,	5.8968,	5.9468,	5.9968,	6.0387,	6.0826,	6.1326,	6.1826,	6.2326,	6.2826,	6.3326,	6.3826,	6.4326,	6.4826,	6.5326,	6.5826,	6.6326,	6.6826,	6.7326,	6.7826,	6.8326,	6.8826,	6.9326,	6.9826,	7.0326,	7.0826,	7.1326,	7.1826,	7.2326,	7.2826,	7.3326,	7.3826,	7.4326,	7.4826,	7.5326,	7.5826,	7.6326,	7.6746,	7.7133,	7.757,	7.8041,	7.8541,	7.9041,	7.9541,	8.0041,	8.0541,	8.1041,	8.1541,	8.2041,	8.2541,	8.3041,	8.3541,	8.4041,	8.4541,	8.5041,	8.5541,	8.6041,	8.6541,	8.7041,	8.7541,	8.8041,	8.8541,	8.9041,	8.9541,	9.0041,	9.0541,	9.1041,	9.1541,	9.2041,	9.2541,	9.3041,	9.3541,	9.4041,	9.4541,	9.5041,	9.5541,	9.6041,	9.6541,	9.7041,	9.7541,	9.8041,	9.8541,	9.9041,	9.9541,	10.004,	10.054,	10.104,	10.154,	10.204,	10.254,	10.304,	10.354,	10.404,	10.454,	10.504,	10.554,	10.604,	10.654,	10.704,	10.754,	10.804,	10.854,	10.904,	10.954,	11.004,	11.054,	11.104,	11.154,	11.204,	11.254,	11.304,	11.354,	11.404,	11.454,	11.504,	11.554,	11.604,	11.654,	11.704,	11.754,	11.804,	11.854,	11.904,	11.954,	12.004,	12.054,	12.104,	12.154,	12.204,	12.254,	12.304,	12.354,	12.404,	12.454,	12.504,	12.554,	12.604,	12.654,	12.704,	12.754,	12.804,	12.854,	12.904,	12.954,	13.004,	13.054,	13.104,	13.154,	13.204,	13.254,	13.304,	13.354,	13.404,	13.454,	13.504,	13.554,	13.604];
x1 = [13.654,	13.704,	13.754,	13.804,	13.854,	13.904,	13.954,	14.004,	14.054,	14.104,	14.154,	14.204,	14.276,	14.3,	14.324,	14.35,	14.376,	14.403,	14.432,	14.461,	14.49,	14.521,	14.552,	14.586,	14.619,	14.654,	14.689,	14.724,	14.76,	14.796,	14.833,	14.874,	14.915,	14.956,	14.998,	15.041,	15.085,	15.13,	15.176,	15.223,	15.271,	15.321,	15.37,	15.419,	15.468,	15.52,	15.573,	15.628,	15.684,	15.74,	15.798,	15.859,	15.92,	15.985,	16.053,	16.122,	16.194,	16.267,	16.342,	16.417,	16.499,	16.582,	16.67,	16.763,	16.858,	16.961,	17.066,	17.176,	17.285,	17.392,	17.511,	17.636,	17.766,	17.907,	18.059,	18.21,	18.383,	18.556,	18.732,	18.926,	19.177,	19.444,	19.944,	20.378,	20.876,	21.246,	21.746,	22.246,	22.746,	23.246,	23.746,	24.246,	24.746,	25.246,	25.746,	26.246,	26.746,	27.246,	27.746,	28.246,	28.746,	29.145,	29.645,	30.145,	30.645,	31.145,	31.645,	32.145,	32.645,	33.145,	33.645,	34.145,	34.645,	35.145,	35.645,	36.145,	36.645,	37.145,	37.645,	38.145,	38.645,	39.145,	39.645,	40.145,	40.645,	41.145,	41.645,	42.145,	42.645,	43.145,	43.645,	44.145,	44.645,	45.145,	45.645,	46.145,	46.645,	47.145,	47.645,	48.145,	48.645,	49.145,	49.645,	49.649,	49.652,	49.656,	49.659,	49.663,	49.667,	49.672,	49.676,	49.681,	49.686,	49.692,	49.698,	49.704,	49.711,	49.718,	49.726,	49.734,	49.743,	49.753,	49.764,	49.776,	49.79,	49.805,	49.822,	49.841,	49.863,	49.889,	49.92,	49.956,	50.001,	50.061,	50.143,	50.264,	50.511,	50.861,	51.017,	51.179,	51.513,	51.714,	52.214,	52.374,	52.53,	52.655,	53.034,	53.19,	53.298,	53.434,	53.839,	54.339,	54.839,	55.339,	55.484,	55.845,	56.231,	56.58,	56.74,	56.873,	57.006,	57.146,	57.293,	57.687,	58.121,	58.621,	58.794,	58.907,	59.236,	59.736,	60.012,	60.512,	60.848,	61.348,	61.555,	61.735,	61.923,	62.157,	62.322,	62.463,	62.813,	63.237,	63.737,	64.237,	64.737,	65.237,	65.378,	65.566,	65.739,	66.239,	66.55,	67.05,	67.402,	67.61,	67.892,	68.392,	68.892,	69.055,	69.555,	69.693,	69.847,	70.347,	70.524,	71.024,	71.42,	71.646,	72.146,	72.306,	72.806,	73.306,	73.521,	73.77,	74.063,	74.55,	75.05];
x2 = x1 + 61.4;
x = [x0, x1];
%%y= 100*rand(1,10);
